/clock

clock: 
  secs: 1403715902
  nsecs: 513077738
---

/msf_core/state_out

header: 
  seq: 5424
  stamp: 
    secs: 1403715933
    nsecs: 358716965
  frame_id: ''
data: [-1.975038485614984, -0.26234511338964356, 1.8577044365388926, -0.06759864656687768, 1.5280634118512808, 0.21807860418428532, -0.7427023854049702, -0.058412897048963526, -0.06237839400475285, 0.6641460954741073, 1.5114051219107153e-06, -1.271626441467806e-06, 9.877294850021025e-08, 0.286580382401193, 0.011653218330435002, -0.0947602643318372, 1.0, 0.006857434562881859, -0.8072645738262189, 0.0003544568669380961, -0.59014977573216, 0.118867928682, -0.0292211469162, -0.062828441889, 0.006857434562881859, 0.8072645738262189, -0.0003544568669380961, 0.59014977573216, 0.118867928682, -0.0292211469162, -0.062828441889, 0.0, 0.0, 0.0] //34_index

/noise_drift_handler/events

header: 
  seq: 1
  stamp: 
    secs: 1403715968
    nsecs: 407908717
  frame_id: "/world"
vector: 
  x: 3.0
  y: 0.0
  z: 0.0
---
header: 
  seq: 2
  stamp: 
    secs: 1403715978
    nsecs: 398456063
  frame_id: "/world"
vector: 
  x: 4.0
  y: 0.0
  z: 0.0
---

/noise_drift_handler/pose_output

header: 
  seq: 872
  stamp: 
    secs: 1403715930
    nsecs: 134057999
  frame_id: ''
pose: 
  pose: 
    position: 
      x: -38.3326773488
      y: 3.89162396487
      z: -19.7084182819
    orientation: 
      x: -0.430622399564
      y: 0.308789572973
      z: -0.844539504657
      w: 0.0772423050622
  covariance: [1.1261812391623134, 12.665129880130081, 0.0036287866232407105, 0.22725496946336862, -0.1965833212836325, 0.1466052270384895, 12.665129880130081, 144.29592894453089, -0.01065132856126571, 2.588479834441627, -2.239603432624993, 1.6692286705246642, 0.0036287866232407105, -0.01065132856126571, 0.009817602178870812, -0.00016003812025302408, 0.00020414713538699763, -3.579473571275934e-05, 0.22725496946336862, 2.588479834441627, -0.00016003812025302408, 0.046444040135744345, -0.04017850760404538, 0.029943430380721496, -0.1965833212836325, -2.239603432624993, 0.00020414713538699763, -0.04017850760404538, 0.0347673417954779, -0.025908739977097996, 0.1466052270384895, 1.6692286705246642, -3.579473571275934e-05, 0.029943430380721496, -0.025908739977097996, 0.019319961074175263] //36_index
---

/noise_drift_handler/position_output

header: 
  seq: 7352
  stamp: 
    secs: 1403715961
    nsecs: 927740205
  frame_id: "/world"
point: 
  x: 0.0412871749909
  y: -1.3557170306
  z: 1.24918322063
---

/pos_to_error/output

header: 
  seq: 2361
  stamp: 
    secs: 1403715907
    nsecs: 808616877
  frame_id: ''
data: [0.5134597638238803, 0.3843971949377189, -0.3843971949377189, -0.19739224078360063, -0.2773373917605002, 0.008074126558911952, 0.5476429127594974, 1.45728555262376]//8_index
---

/rovio_divergence_handler/events

header: 
  seq: 1
  stamp: 
    secs: 1403715926
    nsecs: 534058000
  frame_id: "cam0"
vector: 
  x: 1.0
  y: 0.0
  z: 0.0
---
header: 
  seq: 2
  stamp: 
    secs: 1403715927
    nsecs: 534058000
  frame_id: "cam0"
vector: 
  x: 2.0
  y: 0.0
  z: 0.0
---

/vicon/firefly_sbx/firefly_sbx

header: 
  seq: 69266
  stamp: 
    secs: 1403715904
    nsecs: 336749728
  frame_id: "/world"
child_frame_id: "vicon/firefly_sbx/firefly_sbx"
transform: 
  translation: 
    x: 0.927607467546
    y: 0.244008978187
    z: 2.16339147025
  rotation: 
    x: 0.00876462114399
    y: 0.001570763943
    z: 0.206645751767
    w: 0.97837531009
---


